export const data_21_01_01_5m=[
    30975,
    31035,
    31075,
    31151,
    31117,
    31016,
    31043,
    31068,
    31032,
    31141,
    31123,
    31178,
    31168,
    31231,
    31269,
    31376,
    31390,
    31345,
    31376,
    31324,
    31319,
    31365,
    31372,
    31425,
    31439,
    31391,
    31384,
    31391,
    31450,
    31434,
    31439,
    31407,
    31388,
    31412,
    31466,
    31456,
    31460,
    31509,
    31547,
    31472,
    31463,
    31452,
    31435,
    31425,
    31455,
    31376,
    31365,
    31408,
    31490,
    31582,
    31629,
    31767,
    31837,
    31767,
    31712,
    31402,
    31432,
    31482,
    31540,
    31560,
    31502,
    31506,
    31546,
    31540,
    31556,
    31542,
    31573,
    31568,
    31586,
    31546,
    31578,
    31602,
    31577,
    31580,
    31568,
    31522,
    31531,
    31545,
    31513,
    31440,
    31460,
    31391,
    31457,
    31479,
    31494,
    31416,
    31402,
    31319,
    31100,
    31159,
    31244,
    31242,
    31227,
    31186,
    31269,
    31267,
    31312,
    31338,
    31332,
    31352,
    31346,
    31340,
    31360,
    31377,
    31342,
    31339,
    31320,
    31353,
    31335,
    31311,
    31337,
    31253,
    31185,
    31202,
    31081,
    31119,
    31072,
    31258,
    31224,
    31214,
    31197,
    31086,
    30999,
    31038,
    30939,
    30861,
    30843,
    30940,
    31009,
    30906,
    30970,
    30949,
    31052,
    31025,
    30988,
    31000,
    31004,
    31015,
    31022,
    30998,
    30968,
    31035,
    31058,
    31108,
    31129,
    31169,
    31150,
    31116,
    31128,
    31104,
    31150,
    31191,
    31142,
    31124,
    31162,
    31122,
    31152,
    31190,
    31162,
    31225,
    31214,
    31187,
    31120,
    31164,
    31130,
    31155,
    31145,
    31214,
    31250,
    31256,
    31242,
    31296,
    31281,
    31295,
    31252,
    31268,
    31231,
    31269,
    31233,
    31226,
    31298,
    31262,
    31266,
    31315,
    31312,
    31279,
    31281,
    31314,
    31314,
  ]
  